0700001
0700004
0700006
0700007
0700009
0700011
0700017
0700018
0700020
0700021
0700024
0700027
0700030
0700032
0700035
0700039
0700041
0700046
0700052
0700053
0700056
0700058
0700060
0700066
0700067
0700068
0700069
0700072
0700075
0700081
0700082
0700088
0700092
0700096
0700097
0700098
0700099
0700100
0700102
0700107
0700109
0700110
0700112
0700116
0700118
0700123
0700125
0700134
0700135
0700136
0700138
0700139
0700141
0700143
0700147
0700148
0700149
0700150
0700152
0700155
0700159
0700165
0700171
0700173
0700174
0700175
0700177
0700180
0700181
0700182
0700184
0700187
0700188
0700190
0700191
0700193
0700195
0700200
0700201
0700203
0700204
0700206
0700211
0700215
0700220
0700224
0700225
0700227
0700230
0700231
0700232
0700237
0700238
0700240
0700242
0700245
0700248
0700249
0700250
0700252
0700253
0700254
0700256
0700265
0700266
0700268
0700270
0700271
0700272
0700274
0700280
0700281
0700284
0700285
0700289
0700296
0700297
0700300
0700305
0700310
0700312
0700314
0700319
0700321
0700323
0700325
0700327
0700329
0700331
0700332
0700336
0700337
0700338
0700341
0700347
0700348
0700349
0700351
0700355
0700357
0700364
0700365
0700366
0700368
0700371
0700374
0700377
0700379
0700389
0700391
0700392
0700395
0700396
0700397
0700398
0700400
0700403
0700407
0700408
0700410
0700411
0700415
0700417
0700419
0700422
0700423
0700424
0700425
0700426
0700428
0700430
0700431
0700433
0700434
0700436
0700437
0700440
0700441
0700443
0700444
0700445
0700447
0700451
0700455
0700458
0700459
0700460
0700463
0700466
0700468
0700473
0700478
0700481
0700488
0700489
0700490
0700497
0700501
0700504
0700505
0700507
0700509
0700511
0700513
0700514
0700516
0700520
0700521
0700524
0700525
0700526
0700528
0700529
0700530
0700536
0700538
0700540
0700541
0700547
0700549
0700550
0700551
0700555
0700556
0700557
0700558
0700559
0700562
0700565
0700567
0700568
0700569
0700570
0700572
0700582
0700583
0700588
0700590
0700592
0700595
0700596
0700598
0700599
0700601
0700603
0700606
0700607
0700608
0700610
0700614
0700615
0700617
0700622
0700624
0700626
0700627
0700636
0700637
0700638
0700642
0700643
0700645
0700649
0700650
0700651
0700653
0700657
0700658
0700660
0700663
0700666
0700667
0700668
0700671
0700673
0700675
0700677
0700678
0700679
0700680
0700681
0700682
0700685
0700686
0700687
0700688
0700689
0700694
0700695
0700696
0700703
0700704
0700706
0700707
0700709
0700715
0700718
0700719
0700723
0700725
0700726
0700727
0700729
0700734
0700735
0700737
0700738
0700739
0700741
0700744
0700746
0700748
0700750
0700753
0700756
0700760
0700763
0700764
0700768
0700769
0700770
0700773
0700774
0700776
0700777
0700778
0700784
0700786
0700787
0700793
0700796
0700797
0700800
0700804
0700805
0700809
0700812
0700817
0700821
0700824
0700826
0700827
0700832
0700833
0700838
0700839
0700840
0700842
0700843
0700848
0700850
0700853
0700856
0700857
0700860
0700863
0700864
0700867
0700868
0700870
0700873
0700880
0700886
0700888
0700889
0700890
0700893
0700895
0700899
0700903
0700904
0700905
0700906
0700907
0700915
0700919
0700920
0700921
0700924
0700925
0700927
0700928
0700929
0700930
0700931
0700932
0700933
0700937
0700938
0700940
0700941
0700943
0700944
0700946
0700949
0700950
0700952
0700953
0700957
0700961
0700962
0700963
0700966
0700967
0700969
0700972
0700974
0700977
0700983
0700989
0700993
0700995
0700996
0700997
0700998
0700999
0701000
0701001
0701002
0701003
0701006
0701007
0701014
0701015
0701017
0701018
0701019
0701022
0701023
0701024
0701028
0701031
0701035
0701036
0701040
0701042
0701043
0701045
0701047
0701049
0701050
0701053
0701054
0701056
0701062
0701063
0701065
0701070
0701075
0701077
0701079
0701080
0701082
0701083
0701085
0701086
0701087
0701089
0701090
0701093
0701094
0701095
0701096
0701097
0701100
0701101
0701103
0701104
0701110
0701111
0701112
0701114
0701118
0701119
0701121
0701123
0701126
0701130
0701134
0701135
0701136
0701137
0701138
0701141
0701144
0701147
0701150
0701153
0701155
0701161
0701163
0701164
0701167
0701170
0701172
0701177
0701179
0701180
0701181
0701182
0701186
0701188
0701189
0701196
0701199
0701200
0701201
0701202
0701204
0701207
0701209
0701210
0701211
0701212
0701213
0701214
0701216
0701217
0701221
0701222
0701224
0701226
0701227
0701229
0701230
0701233
0701236
0701237
0701238
0701239
0701241
0701242
0701245
0701246
0701247
0701249
0701253
0701254
0701259
0701260
0701265
0701269
0701272
0701275
0701276
0701278
0701280
0701282
0701283
0701284
0701286
0701292
0701299
0701300
0701301
0701303
0701310
0701311
0701313
0701314
0701315
0701318
0701321
0701322
0701324
0701329
0701330
0701332
0701334
0701336
0701340
0701346
0701347
0701348
0701349
0701351
0701352
0701353
0701354
0701355
0701357
0701358
0701361
0701364
0701367
0701369
0701370
0701371
0701372
0701373
0701376
0701377
0701378
0701383
0701385
0701386
0701389
0701390
0701394
0701395
0701396
0701399
0701401
0701402
0701403
0701404
0701405
0701407
0701409
0701413
0701416
0701417
0701420
0701423
0701424
0701426
0701428
0701429
0701435
0701439
0701440
0701443
0701444
0701446
0701449
0701451
0701453
0701456
0701460
0701462
0701463
0701464
0701466
0701467
0701468
0701469
0701470
0701471
0701472
0701474
0701475
0701477
0701478
0701480
0701481
0701482
0701484
0701486
0701492
0701495
0701496
0701498
0701499
0701501
0701503
0701504
0701505
0701506
0701508
0701509
0701511
0701513
0701517
0701518
0701522
0701523
0701528
0701529
0701532
0701534
0701536
0701538
0701544
0701545
0701550
0701551
0701556
0701557
0701561
0701566
0701569
0701571
0701572
0701573
0701575
0701576
0701581
0701582
0701590
0701591
0701592
0701595
0701598
0701603
0701605
0701606
0701607
0701609
0701611
0701614
0701615
0701616
0701622
0701623
0701624
0701625
0701628
0701631
0701632
0701636
0701638
0701639
0701640
0701642
0701645
0701646
0701647
0701649
0701650
0701659
0701661
0701662
0701663
0701664
0701666
0701667
0701669
0701672
0701673
0701676
0701677
0701679
0701680
0701681
0701683
0701685
0701691
0701693
0701694
0701698
0701701
0701703
0701707
0701708
0701709
0701710
0701712
0701713
0701716
0701717
0701718
0701719
0701721
0701723
0701724
0701726
0701728
0701733
0701734
0701735
0701737
0701740
0701742
0701743
0701745
0701749
0701751
0701753
0701755
0701756
0701758
0701759
0701762
0701765
0701767
0701768
0701769
0701772
0701773
0701776
0701777
0701781
0701784
0701786
0701791
0701793
0701795
0701797
0701802
0701806
0701807
0701810
0701813
0701815
0701822
0701824
0701825
0701827
0701828
0701829
0701830
0701832
0701836
0701838
0701842
0701849
0701852
0701856
0701859
0701860
0701861
0701862
0701863
0701864
0701870
0701871
0701872
0701873
0701874
0701875
0701877
0701882
0701886
0701887
0701888
0701894
0701900
0701901
0701902
0701904
0701907
0701909
0701910
0701911
0701912
0701915
0701917
0701918
0701922
0701925
0701927
0701929
0701933
0701934
0701937
0701957
0701962
0701963
0701964
0701965
0701966
0701967
0701971
0701974
0701976
0701977
0701978
0701983
0701987
0701988
0701989
0701991
0701993
0701997
0701998
0702002
0702004
0702010
0702014
0702016
0702020
0702021
0702022
0702028
0702035
0702039
0702040
0702042
0702044
0702045
0702046
0702049
0702052
0702054
0702055
0702058
0702060
0702062
0702064
0702066
0702067
0702068
0702072
0702074
0702075
0702077
0702078
0702079
0702081
0702083
0702084
0702087
0702090
0702092
0702100
0702101
0702102
0702105
0702107
0702108
0702110
0702111
0702112
0702113
0702114
0702121
0702122
0702123
0702125
0702127
0702129
0702130
0702132
0702136
0702137
0702139
0702144
0702146
0702154
0702155
0702159
0702160
0702161
0702164
0702169
0702174
0702176
0702177
0702178
0702179
0702185
0702187
0702189
0702191
0702199
0702200
0702205
0702208
0702210
0702211
0702216
0702219
0702220
0702222
0702224
0702226
0702227
0702230
0702233
0702234
0702237
0702239
0702242
0702247
0702249
0702251
0702253
0702255
0702256
0702258
0702260
0702262
0702264
0702265
0702267
0702268
0702269
0702271
0702272
0702273
0702274
0702275
0702276
0702278
0702279
0702283
0702285
0702286
0702289
0702292
0702299
0702300
0702302
0702303
0702305
0702307
0702311
0702320
0702321
0702322
0702327
0702330
0702334
0702337
0702340
0702343
0702344
0702347
0702351
0702352
0702354
0702355
0702357
0702361
0702362
0702363
0702365
0702369
0702374
0702375
0702376
0702377
0702378
0702382
0702384
0702387
0702391
0702393
0702395
0702396
0702397
0702399
0702400
0702401
0702402
0702403
0702404
0702405
0702406
0702407
0702409
0702410
0702412
0702417
0702418
0702420
0702421
0702422
0702424
0702427
0702429
0702430
0702432
0702434
0702435
0702437
0702438
0702439
0702442
0702445
0702446
0702447
0702448
0702449
0702450
0702453
0702454
0702457
0702458
0702460
0702461
0702464
0702467
0702470
0702473
0702474
0702476
0702481
0702484
0702485
0702486
0702487
0702489
0702490
0702493
0702495
0702499
0702500
0702501
0702502
0702503
0702504
0702509
0702511
0702513
0702514
0702515
0702516
0702517
0702519
0702521
0702522
0702523
0702528
0702530
0702534
0702536
0702537
0702545
0702546
0702549
0702550
0702551
0702555
0702556
0702559
0702560
0702562
0702569
0702570
0702574
0702575
0702576
0702580
0702582
0702584
0702591
0702592
0702593
0702596
0702599
0702603
0702605
0702606
0702608
0702610
0702611
0702612
0702613
0702615
0702617
0702619
0702621
0702623
0702627
0702629
0702630
0702631
0702632
0702636
0702639
0702643
0702647
0702649
0702650
0702653
0702656
0702657
0702661
0702662
0702663
0702664
0702666
0702667
0702668
0702670
0702675
0702676
0702681
0702685
0702687
0702690
0702693
0702701
0702703
0702704
0702705
0702706
0702708
0702709
0702717
0702721
0702723
0702726
0702728
0702731
0702733
0702736
0702741
0702744
0702745
0702748
0702749
0702754
0702755
0702757
0702758
0702760
0702761
0702764
0702766
0702769
0702770
0702773
0702774
0702775
0702776
0702777
0702779
0702781
0702785
0702786
0702787
0702788
0702789
0702790
0702791
0702792
0702794
0702796
0702797
0702798
0702799
0702803
0702809
0702810
0702813
0702814
0702817
0702819
0702822
0702823
0702825
0702830
0702831
0702832
0702834
0702835
0702836
0702840
0702841
0702843
0702848
0702849
0702850
0702855
0702856
0702857
0702858
0702860
0702862
0702864
0702865
0702866
0702867
0702868
0702869
0702870
0702871
0702874
0702875
0702878
0702879
0702887
0702890
0702891
0702892
0702897
0702898
0702899
0702901
0702902
0702903
0702906
0702907
0702909
0702910
0702911
0702913
0702914
0702915
0702919
0702920
0702921
0702924
0702933
0702935
0702936
0702937
0702938
0702939
0702941
0702942
0702943
0702945
0702946
0702948
0702953
0702955
0702958
0702960
0702964
0702965
0702966
0702972
0702973
0702978
0702979
0702982
0702983
0702986
0702988
0702990
0702992
0702995
0702997
0703000
0703001
0703002
0703003
0703010
0703011
0703013
0703014
0703015
0703018
0703019
0703020
0703023
0703024
0703027
0703030
0703032
0703037
0703039
0703041
0703044
0703045
0703047
0703049
0703051
0703052
0703053
0703056
0703059
0703060
0703062
0703063
0703068
0703069
0703070
0703071
0703073
0703077
0703080
0703083
0703086
0703087
0703088
0703089
0703091
0703092
0703093
0703095
0703097
0703098
0703099
0703101
0703103
0703106
0703108
0703109
0703112
0703113
0703114
0703115
0703118
0703119
0703121
0703122
0703123
0703131
0703132
0703133
0703135
0703137
0703140
0703149
0703155
0703157
0703158
0703159
0703161
0703163
0703165
0703168
0703171
0703172
0703174
0703175
0703177
0703178
0703180
0703182
0703183
0703186
0703192
0703194
0703195
0703198
0703200
0703201
0703203
0703204
0703206
0703209
0703210
0703211
0703212
0703213
0703214
0703218
0703220
0703223
0703225
0703227
0703232
0703233
0703235
0703237
0703240
0703241
0703244
0703246
0760034
0760038
0760039
0760040
0760041
0760045
0760046
0760047
0760050
0760052
0760061
0760067
0760072
0760073
0760074
0760075
0760078
0760079
0760080
0760083
0760084
0760085
0760087
0760088
0760089
0760092
0760094
0760098
0760101
0760104
0760106
0760107
0760108
0760112
0760113
0760114
0760116
0760120
0760124
0760125
0760126
0760127
0760131
0760136
0760140
0760141
0760143
0760147
0760148
0760150
0760154
0760155
0760156
0760157
0760159
0760160
0760162
0760164
0760165
0760167
0760168
0760170
0760172
0760173
0760177
0760179
0760180
0760181
0760185
0760188
0760189
0760190
0760191
0760194
0760196
0760199
0760200
0760202
0760203
0760205
0760206
0760207
0760209
0760215
0760216
0760218
0760220
0760224
0760227
0760231
0760235
0760238
0760239
0760240
0760241
0760242
0760245
0760247
0760248
0760255
0760257
0760265
0760266
0760268
0760271
0760273
0760275
0760278
0760280
0760282
0760283
0760284
0760286
0760290
0760292
0760295
0760297
0760298
0760300
0760301
0760302
0760303
0760305
0760306
0760310
0760311
0760312
0760314
0760317
0760323
0760324
0760325
0760326
0760330
0760331
0760333
0760338
0760341
0760343
0760345
0760346
0760347
0760355
0760356
0760360
0760366
0760367
0760372
0760373
0760375
0760377
0760380
0760382
0760383
0760385
0760388
0760390
0760398
0760399
0760401
0760403
0760407
0760408
0760413
0760414
0760415
0760417
0760422
0760423
0760425
0760426
0760427
0760428
0760431
0760433
0760434
0760437
0760441
0760443
0760444
0760445
0760447
0760448
0760451
0760454
0760455
0760456
0760459
0760460
0760461
0760462
0760463
0760464
0760468
0760471
0760473
0760476
0760477
0760479
0760480
0760481
0760484
0760485
0760487
0760491
0760493
0760494
0760495
0760500
0760501
0760503
0760504
0760506
0760507
0760511
0760512
0760516
0760517
0760524
0760530
0760531
0760532
0760534
0760538
0760539
0760540
0760541
0760542
0760547
0760548
0760549
0760553
0760555
0760560
0760561
0760562
0760563
0760567
0760572
0760574
0760580
0760582
0760587
0760589
0760593
0760595
0760597
0760598
0760600
0760603
0760606
0760608
0760611
0760612
0760615
0760616
0760618
0760619
0760624
0760626
0760627
0760628
0760629
0760631
0760632
0760633
0760635
0760636
0760637
0760638
0760640
0760642
0760643
0760649
0760651
0760652
0760654
0760657
0760659
0760662
0760663
0760666
0760667
0760670
0760672
0760674
0760676
0760677
0760679
0760680
0760682
0760685
0760687
0760693
0760695
0760696
0760700
0760701
0760702
0760703
0760704
0760705
0760706
0760708
0760710
0760711
0760714
0760716
0760718
0760720
0760721
0760722
0760723
0760725
0760726
0760730
0760732
0760735
0760740
0760746
0760747
0760748
0760749
0760752
0760753
0760756
0760757
0760758
0760759
0760762
0760763
0760770
0760772
0760773
0760774
0760775
0760777
0760779
0760785
0760794
0760797
0760798
0760799
0760800
0760801
0760802
0760803
0760811
0760813
0760814
0760815
0760817
0760820
0760823
0760827
0760828
0760831
0760832
0760837
0760841
0760842
0760845
0760846
0760847
0760848
0760849
0760850
0760853
0760854
0760855
0760856
0760857
0760859
0760860
0760862
0760863
0760865
0760868
0760869
0760873
0760874
0760877
0760880
0760884
0760888
0760890
0760895
0760897
0760898
0760901
0760903
0760907
0760912
0760914
0760915
0760916
0760918
0760923
0760927
0760931
0760934
0760935
0760936
0760937
0760938
0760940
0760944
0760945
0760951
0760956
0760957
0760962
0760965
0760966
0760969
0760972
0760973
0760974
0760975
0760979
0760981
0760984
0760985
0760986
0760991
0760994
0760996
0761001
0761003
0761004
0761005
0761006
0761007
0761008
0761009
0761010
0761011
0761014
0761015
0761016
0761019
0761020
0761022
0761024
0761026
0761027
0761029
0761032
0761035
0761039
0761040
0761041
0761043
0761044
0761047
0761049
0761050
0761056
0761059
0761060
0761061
0761062
0761063
0761065
0761068
0761071
0761072
0761075
0761079
0761080
0761082
0761083
0761085
0761086
0761088
0761092
0761102
0761104
0761105
0761106
0761108
0761110
0761112
0761114
0761125
0761128
0761131
0761132
0761134
0761135
0761137
0761139
0761140
0761141
0761143
0761145
0761147
0761148
0761155
0761156
0761160
0761165
0761166
0761167
0761168
0761170
0761172
0761174
0761176
0761177
0761178
0761179
0761180
0761182
0761185
0761187
0761190
0761192
0761195
0761196
0761198
0761201
0761202
0761203
0761205
0761206
0761211
0761216
0761222
0761224
0761225
0761227
0761231
0761233
0761234
0761237
0761240
0761243
0761244
0761245
0761246
0761248
0761249
0761250
0761254
0761256
0761257
0761259
0761260
0761263
0761266
0761267
0761269
0761271
0761272
0761273
0761274
0761275
0761276
0761277
0761278
0761279
0761280
0761281
0761285
0761286
0761287
0761289
0761290
0761291
0761295
0761297
0761300
0761302
0761305
0761307
0761311
0761314
0761315
0761316
0761318
0761319
0761320
0761321
0761323
0761326
0761327
0761328
0761333
0761334
0761341
0761342
0761343
0761344
0761345
0761346
0761349
0761352
0761357
0761358
0761359
0761360
0761362
0761363
0761365
0761366
0761367
0761372
0761377
0761378
0761381
0761383
0761384
0761385
0761388
0761390
0761393
0761395
0761397
0761400
0761401
0761404
0761409
0761413
0761414
0761415
0761417
0761419
0761421
0761422
0761425
0761426
0761427
0761430
0761431
0761432
0761434
0761435
0761436
0761445
0761447
0761449
0761450
0761452
0761454
0761455
0761456
0761461
0761462
0761464
0761465
0761470
0761471
0761472
0761473
0761477
0761478
0761479
0761480
0761481
0761483
0761488
0761491
0761494
0761495
0761499
0761502
0761504
0761506
0761511
0761514
0761520
0761521
0761522
0761523
0761526
0761527
0761530
0761536
0761540
0761545
0761546
0761547
0761549
0761556
0761557
0761560
0761561
0761562
0761566
0761567
0761568
0761569
0761570
0761572
0761574
0761576
0761577
0761578
0761579
0761581
0761584
0761587
0761589
0761593
0761594
0761597
0761599
0761600
0761604
0761605
0761607
0761608
0761609
0761610
0761611
0761612
0761614
0761619
0761623
0761624
0761627
0761630
0761632
0761634
0761636
0761640
0761642
0761644
0761646
0761647
0761650
0761656
0761660
0761661
0761662
0761663
0761664
0761665
0761671
0761672
0761674
0761675
0761677
0761678
0761681
0761685
0761686
0761687
0761688
0761692
0761693
0761695
0761698
0761699
0761700
0761701
0761704
0761705
0761706
0761708
0761709
0761711
0761712
0761713
0761714
0761719
0761721
0761722
0761723
0761724
0761725
0761727
0761729
0761737
0761739
0761740
0761742
0761743
0761747
0761749
0761750
0761752
0761754
0761757
0761758
0761759
0761762
0761763
0761764
0761766
0761767
0761768
0761769
0761772
0761774
0761775
0761779
0761786
0761787
0761790
0761792
0761797
0761798
0761799
0761800
0761801
0761802
0761805
0761808
0761811
0761813
0761815
0761818
0761821
0761822
0761823
0761830
0761831
0761834
0761835
0761836
0761840
0761842
0761844
0761849
0761850
0761851
0761856
0761858
0761859
0761861
0761862
0761864
0761865
0761866
0761868
0761870
0761873
0761874
0761876
0761877
0761878
0761879
0761880
0761881
0761883
0761884
0761887
0761891
0761893
0761895
0761898
0761901
0761902
0761904
0761905
0761906
0761912
0761913
0761914
0761915
0761916
0761917
0761919
0761920
0761925
0761928
0761930
0761931
0761933
0761935
0761936
0761938
0761939
0761940
0761942
0761943
0761947
0761950
0761951
0761952
0761955
0761957
0761958
0761959
0761960
0761961
0761964
0761965
0761970
0761971
0761972
0761973
0761974
0761975
0761976
0761977
0761978
0761986
0761987
0761992
0761994
0761997
0761998
0761999
0762001
0762005
0762007
0762023
0762029
0762030
0762031
0762034
0762035
0762036
0762038
0762040
0762042
0762043
0762045
0762049
0762052
0762053
0762055
0762057
0762061
0762069
0762070
0762074
0762076
0762077
0762078
0762079
0762080
0762084
0762087
0762088
0762089
0762098
0762099
0762103
0762106
0762107
0762110
0762112
0762113
0762114
0762116
0762122
0762124
0762126
0762127
0762128
0762129
0762131
0762135
0762137
0762138
0762139
0762140
0762142
0762143
0762144
0762147
0762150
0762152
0762153
0762156
0762159
0762164
0762165
0762166
0762167
0762171
0762172
0762173
0762180
0762188
0762190
0762192
0762193
0762201
0762202
0762207
0762213
0762215
0762216
0762217
0762218
0762222
0762223
0762225
0762226
0762227
0762231
0762234
0762235
0762236
0762237
0762239
0762240
0762242
0762243
0762244
0762248
0762250
0762253
0762254
0762255
0762257
0762258
0762262
0762263
0762264
0762265
0762266
0762268
0762269
0762272
0762274
0762278
0762286
0762289
0762290
0762291
0762294
0762296
0762297
0762298
0762299
0762300
0762308
0762309
0762310
0762311
0762315
0762325
0762331
0762332
0762334
0762335
0762336
0762339
0762344
0762349
0762351
0762352
0762358
0762361
0762362
0762364
0762368
0762369
0762373
0762377
0762378
0762379
0762381
0762382
0762383
0762388
0762390
0762391
0762392
0762393
0762396
0762397
0762398
0762401
0762402
0762405
0762406
0762409
0762410
0762411
0762414
0762416
0762419
0762421
0762422
0762423
0762427
0762428
0762431
0762432
0762435
0762436
0762438
0762441
0762442
0762448
0762450
0762451
0762452
0762453
0762455
0762456
0762465
0762466
0762469
0762470
0762471
0762475
0762476
0762480
0762486
0762492
0762493
0762494
0762496
0762497
0762500
0762501
0762504
0762506
0762508
0762512
0762514
0762516
0762517
0762518
0762520
0762526
0762527
0762528
0762529
0762532
0762533
0762534
0762535
0762536
0762539
0762540
0762545
0762546
0762554
0762555
0762556
0762557
0762558
0762559
0762560
0762563
0762569
0762571
0762572
0762573
0762574
0762576
0762577
0762579
0762580
0762583
0762584
0762585
0762587
0762590
0762592
0762593
0762595
0762597
0762598
0762599
0762600
0762603
0762606
0762609
0762611
0762618
0762621
0762622
0762624
0762628
0762629
0762630
0762631
0762633
0762634
0762635
0762640
0762646
0762648
0762651
0762653
0762664
0762672
0762673
0762674
0762675
0762676
0762678
0762679
0762683
0762686
0762688
0762690
0762691
0762692
0762697
0762703
0762704
0762710
0762713
0762714
0762716
0762721
0762725
0762726
0762729
0762731
0762732
0762733
0762734
0762736
0762740
0762741
0762742
0762743
0762746
0762749
0762750
0762754
0762755
0762757
0762758
0762759
0762760
0762761
0762762
0762766
0762768
0762769
0762772
0762774
0762775
0762777
0762778
0762783
0762788
0762789
0762790
0762793
0762796
0762802
0762808
0762809
0762810
0762812
0762815
0762816
0762818
0762820
0762821
0762824
0762825
0762826
0762829
0762831
0762834
0762836
0762849
0762851
0762854
0762857
0762858
0762859
0762861
0762862
0762863
0762864
0762867
0762869
0762870
0762876
0762878
0762879
0762881
0762883
0762885
0762886
0762891
0762895
0762897
0762898
0762902
0762903
0762905
0762909
0762911
0762912
0762913
0762914
0762917
0762919
0762921
0762922
0762925
0762927
0762929
0762931
0762936
0762937
0762938
0762942
0762943
0762944
0762945
0762950
0762951
0762953
0762956
0762957
0762958
0762961
0762963
0762964
0762966
0762967
0762970
0762971
0762976
0762979
0762982
0762984
0762986
0762987
0762989
0762990
0762993
0762995
0762996
0763002
0763004
0763005
0763011
0763013
0763018
0763019
0763020
0763022
0763023
0763028
0763029
0763030
0763031
0763034
0763035
0763036
0763037
0763041
0763042
0763043
0763044
0763045
0763051
0763052
0763053
0763055
0763058
0763067
0763073
0763074
0763078
0763085
0763086
0763097
0763098
0763100
0763101
0763102
0763103
0763107
0763110
0763111
0763113
0763117
0763118
0763120
0763121
0763122
0763125
0763128
0763129
0763131
0763133
0763135
0763137
0763142
0763144
0763145
0763149
0763150
0763154
0763156
0763160
0763168
0763170
0763173
0763175
0763178
0763179
0763184
0763186
0763187
0763189
0763191
0763194
0763195
0763196
0763198
0763200
0763204
0763206
0763207
0763209
0763210
0763216
0763220
0763221
0763222
0763225
0763226
0763227
0763229
0763230
0763234
0763237
0763239
0763243
0763246
0763247
0763252
0763254
0763255
0763256
0763258
0763259
0763260
0763261
0763266
0763267
0763276
0763283
0763285
0763291
0763292
0763297
0763299
0763300
0763301
0763304
0763305
0763307
0763309
0763313
0763315
0763316
0763317
0763318
0763320
0763323
0763326
0763328
0763329
0763332
0763337
0763340
0763342
0763347
0763349
0763350
0763351
0763353
0763356
0763358
0763360
0763361
0763362
0763363
0763364
0763367
0763368
0763373
0763376
0763377
0763382
0763383
0763384
0763389
0763391
0763392
0763393
0763396
0763397
0763399
0763400
0763407
0763408
0763411
0763412
0763413
0763414
0763415
0763416
0763419
0763421
0763422
0763425
0763436
0763438
0763441
0763442
0763443
0763444
0763446
0763449
0763456
0763457
0763459
0763461
0763462
0763464
0763467
0763468
0763469
0763471
0763472
0763474
0763482
0763483
0763485
0763489
0763491
0763495
0763500
0763503
0763508
0763509
0763511
0763512
0763514
0763517
0763518
0763519
0763520
0763524
0763525
0763527
0763530
0763531
0763533
0763534
0763538
0763543
0763544
0763545
0763550
0763552
0763553
0763555
0763556
0763559
0763561
0763562
0763567
0763570
0763572
0763575
0763576
0763580
0763581
0763582
0763583
0763584
0763585
0763587
0763589
0763590
0763591
0763594
0763595
0763596
0763598
0763600
0763601
0763602
0763604
0763606
0763608
0763610
0763611
0763612
0763616
0763619
0763621
0763622
0763623
0763624
0763626
0763627
0763629
0763630
0763632
0763633
0763635
0763636
0763637
0763638
0763639
0763640
0763641
0763644
0763649
0763651
0763652
0763654
0763659
0763660
0763661
0763663
0763664
0763667
0763671
0763672
0763674
0763676
0763677
0763678
0763679
0763680
0763686
0763687
0763692
0763693
0763694
0763696
0763700
0763701
0763703
0763706
0763708
0763709
0763710
0763711
0763713
0763717
0763718
0763721
0763722
0763724
0763727
0763730
0763732
0763735
0763738
0763739
0763740
0763741
0763749
0763750
0763752
0763754
0763755
0763757
0763759
0763765
0763766
0763767
0763771
0763772
0763774
0763775
0763776
0763782
0763783
0763784
0763786
0763787
0763788
0763789
0763792
0763793
0763795
0763796
0763799
0763800
0763801
0763802
0763803
0763805
0763806
0763810
0763811
0763813
0763814
0763819
0763820
0763822
0763823
0763832
0763833
0763834
0763835
0763840
0763843
0763844
0763846
0763847
0763850
0763851
0763852
0763853
0763855
0763856
0763861
0763864
0763865
0763867
0763869
0763870
0763875
0763883
0763884
0763891
0763892
0763893
0763896
0763900
0763903
0763905
0763906
0763907
0763908
0763909
0763910
0763919
0763924
0763926
0763929
0763930
0763938
0763939
0763943
0763947
0763948
0763950
0763953
0763954
0763961
0763962
0763963
0763964
0763966
0763968
0763970
0763972
0763975
0763976
0763977
0763978
0763979
0763983
0763989
0763990
0763994
0763995
0763996
0764000
0764001
0764002
0764005
0764008
0764012
0764013
0764016
0764018
0764020
0764026
0764029
0764030
0764033
0764035
0764043
0764045
0764046
0764047
0764050
0764051
0764052
0764055
0764057
0764058
0764059
0764060
0764066
0764068
0764069
0764070
0764071
0764078
0764082
0764084
0764086
0764087
0764090
0764092
0764093
0764094
0764097
0764100
0764103
0764107
0764108
0764111
0764116
0764117
0764122
0764124
0764125
0764126
0764127
0764128
0764129
0764134
0764135
0764139
0764140
0764143
0764144
0764145
0764147
0764148
0764149
0764152
0764153
0764156
0764159
0764160
0764161
0764164
0764165
0764167
0764169
0764170
0764171
0764172
0764173
0764174
0764175
0764176
0764178
0764179
0764182
0764184
0764185
0764187
0764188
0764190
0764191
0764192
0764193
0764194
0764195
0764200
0764202
0764206
0764207
0764209
0764210
0764211
0764212
0764213
0764214
0764215
0764219
0764221
0764222
0764223
0764225
0764226
0764228
0764229
0764234
0764236
0764238
0764239
0764241
0764242
0764245
0764246
0764248
0764251
0764256
0764259
0764261
0764267
0764269
0764270
0764272
0764273
0764275
0764277
0764278
0764279
0764282
0764285
0764287
0764289
0764292
0764294
0764297
0764301
0764302
0764303
0764304
0764305
0764306
0764313
0764316
0764317
0764318
0764320
0764323
0764324
0764326
0764327
0764331
0764335
0764337
0764339
0764340
0764342
0764344
0764346
0764347
0764348
0764351
0764352
0764356
0764357
0764358
0764362
0764364
0764365
0764372
0764373
0764375
0764376
0764377
0764378
0764379
0764380
0764381
0764387
0764390
0764392
0764399
0764402
0764407
0764408
0764409
0764411
0764412
0764417
0764419
0764420
0764425
0764434
0764437
0764439
0764442
0764446
0764447
0764451
0764453
0764454
0764456
0764458
0764462
0764464
0764467
0764468
0764469
0764472
0764473
0764474
0764476
0764477
0764478
0764486
0764496
0764497
0764498
0764499
0764500
0764501
0764502
0764506
0764508
0764511
0764513
0764518
0764520
0764521
0764526
0764529
0764530
0764532
0764533
0764536
0764537
0764538
0764539
0764541
0764542
0764544
0764545
0764548
0764549
0764551
0764554
0764556
0764558
0764560
0764561
0764562
0764563
0764565
0764566
0764567
0764570
0764574
0764575
0764576
0764579
0764580
0764581
0764582
0764585
0764589
0764592
0764600
0764601
0764602
0764603
0764604
0764609
0764611
0764612
0764613
0764616
0764618
0764623
0764626
0764628
0764629
0764631
0764633
0764634
0764638
0764642
0764643
0764644
0764648
0764651
0764652
0764653
0764655
0764656
0764658
0764660
0764661
0764664
0764665
0764667
0764669
0764670
0764671
0764673
0764674
0764676
0764682
0764685
0764689
0764692
0764694
0764696
0764698
0764699
0764700
0764702
0764703
0764705
0764706
0764707
0764708
0764709
0764710
0764711
0764713
0764715
0764716
0764717
0764719
0764722
0764723
0764726
0764731
0764732
0764733
0764734
0764735
0764739
0764740
0764742
0764743
0764748
0764751
0764754
0764766
0764767
0764768
0764769
0764773
0764774
0764776
0764778
0764779
0764780
0764782
0764783
0764788
0764789
0764791
0764794
0764795
0764799
0764801
0764803
0764804
0764808
0764810
0764812
0764813
0764815
0764817
0764819
0764820
0764821
0764823
0764826
0764828
0764830
0764831
0764832
0764836
0764837
0764839
0764840
0764841
0764844
0764849
0764850
0764853
0764854
0764856
0764859
0764860
0764862
0764864
0764869
0764872
0764874
0764879
0764881
0764882
0764885
0764886
0764889
0764890
0764893
0764894
0764896
0764900
0764901
0764902
0764905
0764906
0764908
0764909
0764913
0764914
0764915
0764917
0764918
0764923
0764925
0764929
0764930
0764931
0764932
0764933
0764936
0764937
0764939
0764943
0764954
0764955
0764957
0764960
0764963
0764966
0764971
0764974
0764978
0764980
0764983
0764984
0764986
0764987
0764989
0764990
0764991
0764994
0765000
0765001
0765002
0765003
0765004
0765008
0765009
0765012
0765014
0765015
0765016
0765017
0765019
0765025
0765027
0765028
0765029
0765031
0765033
0765034
0765038
0765039
0765042
0765043
0765044
0765046
0765047
0765049
0765050
0765051
0765056
0765057
0765058
0765059
0765061
0765068
0765070
0765071
0765073
0765076
0765078
0765081
0765084
0765086
0765087
0765092
0765099
0765101
0765102
0765104
0765106
0765107
0765110
0765112
0765113
0765118
0765119
0765121
0765122
0765123
0765126
0765127
0765128
0765133
0765136
0765138
0765139
0765143
0765144
0765145
0765147
0765151
0765154
0765155
0765156
0765157
0765160
0765161
0765162
0765164
0765170
0765171
0765173
0765175
0765176
0765177
0765178
0765180
0765182
0765183
0765184
0765189
0765195
0765196
0765198
0765202
0765203
0765206
0765212
0765213
0765215
0765221
0765225
0765226
0765228
0765229
0765233
0765235
0765238
0765244
0765245
0765246
0765247
0765248
0765253
0765255
0765258
0765259
0765261
0765262
0765263
0765264
0765269
0765271
0765273
0765276
0765277
0765278
0765279
0765281
0765285
0765287
0765288
0765289
0765292
0765296
0765297
0765299
0765302
0765304
0765305
0765308
0765309
0765310
0765311
0765317
0765319
0765321
0765322
0765323
0765324
0765327
0765330
0765332
0765333
0765335
0765336
0765338
0765340
0765343
0765346
0765347
0765350
0765351
0765352
0765353
0765354
0765355
0765359
0765364
0765366
0765370
0765371
0765375
0765379
0765380
0765385
0765387
0765388
0765393
0765395
0765397
0765399
0765402
0765403
0765404
0765406
0765408
0765409
0765410
0765413
0765414
0765417
0765418
0765420
0765421
0765424
0765425
0765428
0765433
0765434
0765439
0765440
0765441
0765444
0765445
0765446
0765450
0765451
0765454
0765455
0765456
0765457
0765458
0765464
0765467
0765468
0765471
0765473
0765474
0765475
0765477
0765482
0765483
0765484
0765486
0765487
0765488
0765490
0765498
0765501
0765504
0765506
0765514
0765516
0765517
0765519
0765522
0765523
0765526
0765529
0765530
0765532
0765535
0765536
0765542
0765547
0765550
0765551
0765552
0765553
0765556
0765559
0765562
0765563
0765569
0765572
0765573
0765579
0765581
0765584
0765586
0765588
0765590
0765593
0765596
0765597
0765598
0765599
0765600
0765602
0765603
0765604
0765606
0765607
0765610
0765611
0765616
0765617
0765621
0765622
0765624
0765625
0765627
0765628
0765630
0765632
0765634
0765636
0765639
0765641
0765643
0765644
0765645
0765647
0765648
0765649
0765650
0765651
0765653
0765656
0765663
0765667
0765670
0765673
0765675
0765677
0765678
0765680
0765682
0765684
0765686
0765688
0765691
0765693
0765695
0765697
0765699
0765700
0765703
0765706
0765708
0765709
0765711
0765716
0765717
0765718
0765719
0765720
0765721
0765724
0765725
0765728
0765730
0765731
0765732
0765734
0765737
0765739
0765740
0765741
0765743
0765745
0765749
0765755
0765759
0765760
0765762
0765764
0765765
0765767
0765768
0765771
0765772
0765776
0765777
0765778
0765779
0765783
0765786
0765787
0765788
0765790
0765791
0765795
0765798
0765801
0765805
0765808
0765809
0765810
0765811
0765812
0765813
0765814
0765815
0765816
0765818
0765819
0765822
0765826
0765827
0765829
0765830
0765833
0765834
0765838
0765843
0765846
0765849
0765850
0765855
0765856
0765857
0765858
0765867
0765868
0765869
0765871
0765872
0765874
0765875
0765877
0765882
0765888
0765889
0765890
0765891
0765895
0765897
0765899
0765900
0765901
0765906
0765907
0765908
0765909
0765910
0765912
0765915
0765916
0765917
0765920
0765921
0765923
0765924
0765926
0765928
0765929
0765931
0765933
0765935
0765936
0765939
0765943
0765945
0765948
0765954
0765956
0765958
0765961
0765967
0765972
0765976
0765980
0765981
0765982
0765983
0765984
0765985
0765987
0765991
0765993
0765997
0765998
0766000
0766003
0766004
0766011
0766012
0766013
0766019
0766021
0766024
0766030
0766031
0766032
0766034
0766035
0766036
0766040
0766042
0766043
0766047
0766048
0766053
0766057
0766070
0766071
0766075
0766078
0766079
0766080
0766081
0766083
0766084
0766087
0766088
0766089
0766090
0766091
0766092
0766096
0766098
0766101
0766102
0766105
0766107
0766110
0766115
0766116
0766120
0766122
0766123
0766124
0766125
0766130
0766131
0766132
0766135
0766136
0766137
0766141
0766142
0766152
0766154
0766155
0766156
0766159
0766162
0766164
0766166
0766169
0766171
0766172
0766176
0766177
0766179
0766180
0766181
0766182
0766183
0766186
0766187
0766189
0766190
0766191
0766194
0766199
0766200
0766201
0766202
0766203
0766206
0766210
0766211
0766212
0766214
0766216
0766217
0766223
0766224
0766227
0766228
0766229
0766233
0766234
0766237
0766239
0766241
0766242
0766245
0766247
0766248
0766251
0766257
0766258
0766259
0766261
0766263
0766265
0766266
0766270
0766271
0766273
0766274
0766276
0766278
0766279
0766282
0766285
0766287
0766290
0766291
0766293
0766295
0766297
0766298
0766299
0766305
0766308
0766310
0766311
0766313
0766316
0766317
0766318
0766319
0766322
0766324
0766328
0766332
0766333
0766336
0766337
0766339
0766340
0766341
0766343
0766344
0766347
0766349
0766351
0766353
0766354
0766355
0766357
0766360
0766362
0766363
0766365
0766367
0766369
0766370
0766373
0766374
0766376
0766379
0766381
0766386
0766387
0766388
0766390
0766394
0766395
0766396
0766397
0766400
0766401
0766404
0766405
0766411
0766412
0766416
0766417
0766418
0766422
0766424
0766426
0766427
0766430
0766438
0766439
0766444
0766446
0766451
0766452
0766461
0766463
0766468
0766473
0766474
0766476
0766477
0766478
0766481
0766485
0766486
0766488
0766490
0766496
0766500
0766504
0766512
0766514
0766517
0766519
0766520
0766521
0766522
0766524
0766526
0766528
0766529
0766531
0766532
0766533
0766534
0766538
0766539
0766542
0766544
0766545
0766546
0766547
0766548
0766552
0766553
0766555
0766556
0766564
0766566
0766571
0766572
0766574
0766576
0766578
0766579
0766581
0766584
0766587
0766588
0766590
0766591
0766593
0766596
0766597
0766598
0766599
0766600
0766601
0766603
0766604
0766606
0766609
0766612
0766614
0766615
0766618
0766621
0766625
0766626
0766627
0766629
0766630
0766631
0766632
0766633
0766634
0766635
0766636
0766637
0766642
0766645
0766646
0766651
0766652
0766656
0766659
0766664
0766665
0766666
0766675
0766678
0766681
0766682
0766685
0766687
0766700
0766701
0766702
0766705
0766706
0766713
0766716
0766717
0766721
0766723
0766724
0766726
0766727
0766734
0766735
0766736
0766738
0766740
0766741
0766748
0766749
0766751
0766754
0766756
0766757
0766758
0766760
0766761
0766762
0766765
0766768
0766770
0766772
0766775
0766777
0766779
0766783
0766790
0766791
0766795
0766796
0766799
0766803
0766806
0766809
0766810
0766816
0766818
0766819
0766824
0766834
0766836
0766844
0766846
0766850
0766851
0766853
0766854
0766857
0766861
0766862
0766863
0766864
0766865
0766872
0766876
0766877
0766881
0766882
0766883
0766884
0766886
0766890
0766891
0766894
0766895
0766897
0766899
0766900
0766902
0766904
0766905
0766906
0766908
0766909
0766910
0766911
0766913
0766915
0766916
0766917
0766920
0766921
0766923
0766925
0766927
0766928
0766929
0766931
0766932
0766933
0766934
0766935
0766936
0766938
0766940
0766943
0766944
0766947
0766949
0766950
0766952
0766954
0766959
0766962
0766964
0766965
0766967
0766968
0766971
0766972
0766973
0766978
0766982
0766984
0766985
0766986
0766988
0766991
0766992
0766993
0766995
0766997
0766998
0766999
0767000
0767003
0767004
0767009
0767012
0767014
0767015
0767017
0767018
0767019
0767024
0767030
0767031
0767033
0767034
0767035
0767036
0767040
0767042
0767043
0767044
0767045
0767048
0767053
0767054
0767059
0767065
0767069
0767071
0767072
0767073
0767077
0767081
0767082
0767083
0767084
0767085
0767087
0767091
0767095
0767098
0767100
0767101
0767102
0767103
0767104
0767106
0767107
0767113
0767115
0767119
0767120
0767122
0767124
0767126
0767127
0767128
0767129
0767130
0767131
0767133
0767137
0767138
0767142
0767143
0767145
0767149
0767151
0767155
0767156
0767157
0767158
0767160
0767161
0767165
0767166
0767168
0767173
0767174
0767175
0767176
0767178
0767179
0767182
0767183
0767193
0767194
0767195
0767196
0767198
0767199
0767200
0767201
0767202
0767207
0767212
0767213
0767214
0767217
0767219
0767220
0767221
0767223
0767224
0767225
0767227
0767228
0767229
0767231
0767232
0767233
0767236
0767237
0767238
0767239
0767243
0767248
0767249
0767250
0767251
0767257
0767259
0767260
0767261
0767265
0767269
0767270
0767271
0767274
0767278
0767279
0767280
0767282
0767288
0767289
0767290
0767291
0767292
0767294
0767296
0767298
0767300
0767301
0767303
0767306
0767307
0767308
0767310
0767311
0767315
0767317
0767321
0767328
0767329
0767332
0767333
0767334
0767335
0767339
0767340
0767342
0767343
0767346
0767347
0767349
0767351
0767352
0767353
0767356
0767358
0767360
0767372
0767378
0767381
0767382
0767383
0767384
0767386
0767388
0767395
0767396
0767397
0767399
0767400
0767401
0767402
0767403
0767404
0767405
0767406
0767408
0767416
0767418
0767419
0767421
0767424
0767426
0767428
0767429
0767430
0767433
0767434
0767435
0767438
0767439
0767440
0767441
0767442
0767443
0767447
0767448
0767449
0767451
0767454
0767458
0767459
0767463
0767471
0767473
0767475
0767476
0767479
0767481
0767482
0767483
0767485
0767487
0767489
0767490
0767494
0767495
0767497
0767498
0767500
0767502
0767503
0767504
0767506
0767508
0767514
0767515
0767516
0767518
0767521
0767529
0767530
0767531
0767533
0767534
0767536
0767539
0767542
0767544
0767545
0767546
0767547
0767551
0767552
0767553
0767555
0767557
0767558
0767563
0767564
0767566
0767570
0767571
0767572
0767573
0767576
0767578
0767580
0767581
0767582
0767583
0767584
0767587
0767588
0767592
0767593
0767594
0767600
0767601
0767611
0767613
0767615
0767617
0767622
0767630
0767632
0767640
0767643
0767645
0767646
0767652
0767655
0767657
0767658
0767660
0767663
0767667
0767668
0767672
0767674
0767679
0767680
0767681
0767682
0767685
0767687
0767689
0767694
0767695
0767696
0767698
0767699
0767701
0767703
0767706
0767707
0767708
0767712
0767715
0767716
0767717
0767721
0767722
0767723
0767725
0767730
0767732
0767733
0767735
0767737
0767740
0767745
0767747
0767748
0767749
0767752
0767753
0767754
0767755
0767759
0767761
0767764
0767765
0767768
0767770
0767773
0767774
0767776
0767779
0767780
0767781
0767782
0767784
0767785
0767787
0767793
0767795
0767799
0767801
0767803
0767805
0767807
0767810
0767811
0767812
0767813
0767817
0767819
0767822
0767824
0767826
0767827
0767828
0767829
0767831
0767832
0767834
0767836
0767838
0767840
0767842
0767846
0767849
0767851
0767852
0767853
0767854
0767855
0767859
0767861
0767863
0767864
0767865
0767866
0767870
0767871
0767872
0767875
0767878
0767885
0767893
0767894
0767895
0767896
0767897
0767898
0767904
0767915
0767923
0767926
0767930
0767931
0767932
0767933
0767934
0767935
0767937
0767939
0767940
0767941
0767943
0767945
0767946
0767947
0767949
0767950
0767952
0767957
0767958
0767959
0767960
0767961
0767964
0767971
0767974
0767975
0767984
0767986
0767988
0767989
0767993
0767995
0767996
0767998
0767999
0768006
0768007
0768012
0768014
0768015
0768016
0768017
0768018
0768020
0768022
0768034
0768035
0768037
0768040
0768042
0768044
0768045
0768049
0768052
0768053
0768057
0768061
0768069
0768070
0768075
0768077
0768078
0768082
0768083
0768084
0768085
0768086
0768087
0768091
0768092
0768093
0768097
0768098
0768100
0768103
0768104
0768105
0768107
0768109
0768113
0768114
0768116
0768117
0768119
0768121
0768122
0768123
0768125
0768127
0768128
0768129
0768130
0768131
0768134
0768136
0768138
0768145
0768150
0768154
0768160
0768162
0768165
0768170
0768173
0768178
0768179
0768181
0768182
0768183
0768187
0768188
0768189
0768193
0768195
0768197
0768199
0768200
0768202
0768206
0768208
0768209
0768210
0768212
0768213
0768215
0768216
0768217
0768219
0768220
0768222
0768223
0768226
0768228
0768229
0768234
0768235
0768236
0768237
0768238
0768239
0768240
0768241
0768250
0768252
0768254
0768256
0768258
0768260
0768263
0768266
0768269
0768270
0768275
0768280
0768282
0768283
0768287
0768289
0768290
0768292
0768294
0768295
0768298
0768306
0768308
0768312
0768314
0768315
0768316
0768321
0768322
0768324
0768325
0768327
0768331
0768332
0768333
0768334
0768335
0768336
0768338
0768344
0768345
0768348
0768350
0768351
0768352
0768353
0768354
0768355
0768357
0768359
0768364
0768365
0768367
0768368
0768369
0768371
0768372
0768373
0768374
0768375
0768377
0768378
0768379
0768381
0768382
0768384
0768385
0768388
0768389
0768391
0768394
0768396
0768397
0768401
0768404
0768405
0768408
0768413
0768415
0768417
0768418
0768420
0768422
0768427
0768431
0768435
0768437
0768441
0768443
0768444
0768445
0768447
0768450
0768452
0768456
0768458
0768461
0768462
0768464
0768465
0768468
0768469
0768472
0768474
0768479
0768484
0768485
0768486
0768487
0768490
0768492
0768497
0768500
0768501
0768504
0768505
0768509
0768511
0768512
0768515
0768516
0768517
0768518
0768525
0768528
0768536
0768539
0768542
0768544
0768545
0768547
0768549
0768553
0768556
0768558
0768560
0768565
0768566
0768567
0768570
0768571
0768572
0768574
0768575
0768580
0768583
0768584
0768588
0768594
0768595
0768597
0768601
0768603
0768608
0768609
0768618
0768620
0768627
0768630
0768631
0768632
0768634
0768638
0768643
0768645
0768646
0768647
0768651
0768652
0768653
0768654
0768656
0768657
0768659
0768663
0768665
0768666
0768667
0768669
0768671
0768672
0768673
0768675
0768676
0768679
0768681
0768683
0768684
0768685
0768687
0768688
0768689
0768690
0768691
0768693
0768694
0768695
0768696
0768698
0768699
0768701
0768703
0768704
0768705
0768710
0768712
0768713
0768714
0768716
0768717
0768719
0768720
0768721
0768723
0768731
0768735
0768736
0768738
0768742
0768748
0768749
0768753
0768758
0768764
0768765
0768767
0768768
0768771
0768773
0768777
0768778
0768783
0768793
0768794
0768798
0768800
0768801
0768805
0768813
0768814
0768815
0768816
0768818
0768819
0768820
0768823
0768825
0768829
0768830
0768831
0768833
0768835
0768836
0768838
0768839
0768841
0768848
0768849
0768850
0768851
0768852
0768854
0768856
0768857
0768862
0768868
0768869
0768871
0768873
0768876
0768877
0768878
0768879
0768880
0768881
0768882
0768883
0768891
0768892
0768894
0768897
0768898
0768902
0768903
0768905
0768907
0768913
0768915
0768916
0768917
0768918
0768919
0768921
0768926
0768931
0768934
0768936
0768938
0768947
0768948
0768949
0768953
0768956
0768967
0768968
0768969
0768970
0768971
0768972
0768973
0768974
0768975
0768976
0768978
0768982
0768983
0768987
0768988
0768992
0768993
0768994
0768996
0768997
0768998
0769001
0769004
0769006
0769007
0769010
0769015
0769018
0769020
0769023
0769026
0769028
0769029
0769030
0769031
0769034
0769037
0769038
0769039
0769043
0769044
0769045
0769049
0769051
0769053
0769054
0769055
0769056
0769057
0769061
0769062
0769064
0769065
0769066
0769069
0769073
0769075
0769078
0769079
0769085
0769086
0769087
0769089
0769090
0769091
0769092
0769098
0769099
0769106
0769107
0769116
0769117
0769125
0769126
0769127
0769129
0769133
0769134
0769135
0769136
0769139
0769141
0769142
0769146
0769147
0769151
0769153
0769156
0769157
0769159
0769162
0769168
0769169
0769170
0769172
0769173
0769175
0769176
0769180
0769181
0769184
0769187
0769188
0769191
0769192
0769194
0769195
0769196
0769198
0769203
0769204
0769205
0769208
0769209
0769213
0769214
0769216
0769217
0769220
0769222
0769224
0769227
0769229
0769230
0769232
0769236
0769237
0769238
0769240
0769241
0769245
0769249
0769250
0769253
0769254
0769257
0769261
0769263
0769265
0769266
0769269
0769270
0769273
0769277
0769279
0769280
0769284
0769286
0769290
0769292
0769293
0769294
0769295
0769296
0769297
0769299
0769300
0769304
0769307
0769312
0769315
0769316
0769319
0769321
0769322
0769324
0769325
0769329
0769330
0769333
0769336
0769338
0769339
0769340
0769341
0769343
0769344
0769348
0769349
0769351
0769353
0769361
0769363
0769367
0769371
0769375
0769379
0769380
0769383
0769384
0769386
0769387
0769389
0769391
0769396
0769399
0769404
0769406
0769410
0769411
0769414
0769415
0769419
0769420
0769424
0769427
0769430
0769432
0769436
0769441
0769443
0769444
0769447
0769455
0769456
0769457
0769461
0769462
0769465
0769468
0769471
0769473
0769475
0769479
0769480
0769481
0769483
0769489
0769491
0769496
0769497
0769498
0769500
0769501
0769503
0769504
0769505
0769507
0769510
0769512
0769516
0769517
0769518
0769520
0769521
0769525
0769528
0769532
0769533
0769534
0769543
0769549
0769550
0769554
0769555
0769557
0769558
0769559
0769560
0769562
0769565
0769567
0769568
0769569
0769571
0769574
0769576
0769577
0769579
0769580
0769581
0769584
0769586
0769589
0769591
0769593
0769594
0769595
0769598
0769605
0769606
0769610
0769611
0769614
0769615
0769618
0769619
0769620
0769621
0769622
0769623
0769627
0769630
0769631
0769632
0769638
0769639
0769643
0769644
0769645
0769649
0769651
0769654
0769656
0769658
0769659
0769660
0769666
0769668
0769670
0769674
0769675
0769676
0769677
0769678
0769679
0769680
0769681
0769682
0769685
0769686
0769687
0769689
0769693
0769694
0769703
0769704
0769705
0769706
0769708
0769710
0769711
0769713
0769714
0769715
0769716
0769718
0769726
0769727
0769729
0769736
0769737
0769742
0769744
0769748
0769750
0769754
0769756
0769757
0769764
0769765
0769767
0769768
0769769
0769773
0769775
0769776
0769777
0769778
0769779
0769780
0769781
0769785
0769786
0769787
0769788
0769791
0769795
0769800
0769802
0769804
0769807
0769808
0769814
0769816
0769817
0769820
0769821
0769823
0769824
0769825
0769827
0769833
0769834
0769835
0769840
0769842
0769844
0769845
0769846
0769847
0769849
0769850
0769852
0769853
0769854
0769857
0769858
0769859
0769862
0769864
0769868
0769869
0769870
0769871
0769875
0769878
0769884
0769886
0769887
0769888
0769892
0769893
0769894
0769895
0769897
0769898
0769899
0769903
0769904
0769905
0769907
0769908
0769910
0769911
0769914
0769918
0769922
0769925
0769926
0769927
0769930
0769932
0769933
0769936
0769938
0769941
0769943
0769945
0769948
0769949
0769951
0769954
0769955
0769956
0769958
0769960
0769963
0769964
0769965
0769966
0769969
0769970
0769971
0769973
0769978
0769980
0769985
0769989
0769990
0769991
0769996
0769998
0770001
0770002
0770005
0770007
0770008
0770009
0770010
0770011
0770012
0770018
0770021
0770022
0770023
0770024
0770026
0770030
0770031
0770035
0770037
0770039
0770043
0770044
0770046
0770053
0770054
0770056
0770059
0770062
0770066
0770067
0770070
0770071
0770076
0770078
0770079
0770081
0770082
0770085
0770086
0770087
0770090
0770091
0770092
0770097
0770098
0770101
0770103
0770106
0770111
0770113
0770115
0770118
0770120
0770123
0770129
0770132
0770133
0770134
0770135
0770137
0770138
0770139
0770141
0770144
0770145
0770146
0770150
0770151
0770157
0770160
0770162
0770163
0770164
0770166
0770171
0770173
0770180
0770182
0770183
0770186
0770188
0770189
0770191
0770193
0770194
0770199
0770202
0770206
0770209
0770211
0770212
0770214
0770215
0770216
0770217
0770219
0770223
0770224
0770225
0770226
0770229
0770231
0770232
0770233
0770236
0770239
0770240
0770241
0770242
0770244
0770246
0770250
0770251
0770252
0770255
0770260
0770262
0770268
0770269
0770272
0770274
0770277
0770278
0770279
0770282
0770284
0770292
0770295
0770298
0770301
0770302
0770305
0770310
0770311
0770319
0770320
0770321
0770322
0770323
0770324
0770325
0770328
0770329
0770333
0770334
0770335
0770338
0770341
0770350
0770353
0770354
0770355
0770356
0770361
0770363
0770365
0770366
0770369
0770370
0770373
0770379
0770383
0770384
0770386
0770388
0770389
0770390
0770391
0770394
0770398
0770399
0770401
0770410
0770412
0770413
0770415
0770417
0770419
0770428
0770430
0770431
0770432
0770434
0770435
0770436
0770437
0770440
0770441
0770443
0770444
0770447
0770448
0770449
0770450
0770451
0770452
0770453
0770454
0770456
0770457
0770461
0770464
0770465
0770473
0770474
0770475
0770477
0770478
0770479
0770483
0770484
0770485
0770486
0770487
0770488
0770489
0770490
0770497
0770501
0770502
0770503
0770504
0770506
0770509
0770510
0770513
0770514
0770519
0770521
0770522
0770525
0770526
0770527
0770531
0770533
0770536
0770537
0770542
0770544
0770546
0770551
0770553
0770557
0770560
0770561
0770562
0770564
0770565
0770571
0770572
0770573
0770576
0770577
0770579
0770582
0770583
0770584
0770586
0770587
0770589
0770590
0770591
0770593
0770595
0770597
0770598
0770599
0770601
0770605
0770612
0770615
0770617
0770619
0770620
0770622
0770623
0770625
0770628
0770635
0770637
0770638
0770640
0770642
0770644
0770645
0770647
0770649
0770651
0770654
0770655
0770656
0770657
0770659
0770661
0770671
0770674
0770675
0770680
0770681
0770682
0770683
0770689
0770690
0770691
0770692
0770697
0770699
0770703
0770705
0770706
0770707
0770712
0770714
0770715
0770719
0770721
0770725
0770728
0770730
0770731
0770732
0770735
0770739
0770740
0770741
0770742
0770744
0770747
0770748
0770750
0770752
0770754
0770758
0770760
0770762
0770764
0770768
0770772
0770777
0770778
0770780
0770781
0770783
0770785
0770786
0770793
0770794
0770795
0770800
0770804
0770808
0770810
0770811
0770812
0770815
0770821
0770822
0770825
0770827
0770828
0770829
0770830
0770835
0770836
0770837
0770841
0770848
0770849
0770850
0770851
0770852
0770854
0770855
0770858
0770860
0770864
0770865
0770866
0770868
0770870
0770872
0770875
0770876
0770877
0770881
0770884
0770885
0770886
0770888
0770891
0770892
0770893
0770906
0770907
0770908
0770909
0770910
0770911
0770915
0770916
0770919
0770921
0770925
0770926
0770930
0770933
0770934
0770936
0770941
0770942
0770945
0770946
0770947
0770949
0770952
0770954
0770955
0770964
0770966
0770967
0770968
0770970
0770972
0770973
0770975
0770980
0770981
0770982
0770983
0770988
0770991
0770992
0770995
0770996
0771000
0771001
0771002
0771003
0771005
0771006
0771008
0771009
0771016
0771019
0771021
0771022
0771023
0771024
0771025
0771026
0771027
0771029
0771030
0771032
0771035
0771037
0771039
0771045
0771047
0771048
0771053
0771055
0771056
0771058
0771061
0771063
0771067
0771068
0771069
0771072
0771073
0771074
0771080
0771081
0771086
0771088
0771091
0771094
0771095
0771097
0771100
0771103
0771105
0771106
0771107
0771108
0771109
0771112
0771115
0771118
0771119
0771120
0771121
0771123
0771125
0771127
0771129
0771136
0771139
0771140
0771141
0771145
0771146
0771147
0771150
0771151
0771152
0771154
0771155
0771159
0771161
0771162
0771164
0771166
0771168
0771170
0771173
0771175
0771177
0771178
0771179
0771182
0771184
0771187
0771194
0771198
0771199
0771202
0771203
0771210
0771211
0771214
0771215
0771216
0771221
0771222
0771224
0771227
0771231
0771232
0771233
0771238
0771239
0771240
0771242
0771245
0771246
0771250
0771253
0771255
0771256
0771257
0771260
0771263
0771265
0771266
0771271
0771274
0771276
0771279
0771283
0771286
0771293
0771295
0771298
0771300
0771309
0771310
0771312
0771314
0771316
0771317
0771318
0771319
0771327
0771329
0771330
0771332
0771333
0771335
0771336
0771337
0771341
0771343
0771347
0771348
0771350
0771360
0771362
0771367
0771368
0771371
0771372
0771374
0771377
0771378
0771379
0771381
0771384
0771385
0771389
0771392
0771393
0771394
0771395
0771396
0771397
0771401
0771402
0771403
0771404
0771409
0771412
0771413
0771414
0771416
0771420
0771425
0771427
0771428
0771429
0771432
0771433
0771437
0771440
0771442
0771443
0771444
0771447
0771449
0771451
0771462
0771464
0771465
0771466
0771470
0771471
0771474
0771476
0771480
0771481
0771483
0771484
0771490
0771493
0771494
0771496
0771497
0771499
0771501
0771504
0771506
0771514
0771516
0771517
0771519
0771522
0771534
0771538
0771542
0771543
0771550
0771553
0771554
0771556
0771559
0771560
0771565
0771567
0771568
0771576
0771578
0771584
0771585
0771592
0771595
0771601
0771603
0771605
0771606
0771611
0771613
0771617
0771619
0771620
0771622
0771624
0771625
0771626
0771628
0771629
0771630
0771631
0771632
0771636
0771637
0771643
0771645
0771646
0771648
0771649
0771650
0771652
0771654
0771656
0771658
0771660
0771662
0771663
0771665
0771666
0771667
0771669
0771673
0771677
0771679
0771681
0771682
0771684
0771685
0771686
0771690
0771692
0771693
0771698
0771699
0771700
0771704
0771712
0771713
0771714
0771716
0771718
0771719
0771721
0771724
0771727
0771728
0771732
0771736
0771737
0771739
0771740
0771741
0771742
0771744
0771748
0771749
0771750
0771754
0771756
0771758
0771762
0771763
0771769
0771771
0771774
0771777
0771778
0771781
0771785
0771786
0771790
0771792
0771793
0771798
0771801
0771802
0771803
0771805
0771806
0771807
0771811
0771817
0771821
0771822
0771826
0771833
0771836
0771837
0771839
0771841
0771850
0771851
0771852
0771862
0771866
0771874
0771875
0771879
0771882
0771884
0771885
0771888
0771889
0771891
0771893
0771894
0771896
0771897
0771900
0771903
0771904
0771907
0771908
0771909
0771911
0771914
0771916
0771920
0771922
0771923
0771936
0771938
0771939
0771940
0771941
0771944
0771945
0771949
0771950
0771952
0771953
0771955
0771957
0771958
0771960
0771963
0771964
0771965
0771967
0771973
0771976
0771980
0771984
0771985
0771990
0771991
0771994
0771995
0771997
0771998
0772001
0772002
0772003
0772009
0772011
0772012
0772013
0772014
0772019
0772020
0772021
0772022
0772023
0772024
0772033
0772038
0772040
0772046
0772049
0772051
0772052
0772053
0772057
0772060
0772062
0772066
0772067
0772068
0772070
0772074
0772075
0772076
0772077
0772079
0772084
0772085
0772086
0772088
0772092
0772093
0772095
0772098
0772099
0772101
0772102
0772103
0772104
0772105
0772106
0772113
0772117
0772120
0772122
0772123
0772124
0772134
0772135
0772136
0772145
0772147
0772150
0772154
0772156
0772160
0772161
0772166
0772167
0772170
0772173
0772175
0772177
0772178
0772180
0772182
0772185
0772192
0772196
0772200
0772202
0772203
0772209
0772210
0772212
0772213
0772216
0772218
0772219
0772220
0772221
0772222
0772225
0772229
0772231
0772234
0772235
0772236
0772238
0772239
0772245
0772249
0772256
0772257
0772258
0772259
0772262
0772267
0772270
0772271
0772274
0772277
0772280
0772282
0772286
0772288
0772293
0772295
0772299
0772301
0772302
0772303
0772304
0772305
0772307
0772313
0772317
0772318
0772319
0772320
0772321
0772325
0772328
0772330
0772331
0772333
0772336
0772337
0772338
0772339
0772340
0772341
0772343
0772344
0772345
0772348
0772349
0772353
0772355
0772358
0772359
0772362
0772364
0772371
0772372
0772375
0772382
0772384
0772386
0772387
0772389
0772390
0772391
0772393
0772395
0772396
0772397
0772398
0772401
0772405
0772406
0772407
0772408
0772410
0772411
0772415
0772416
0772417
0772418
0772419
0772423
0772424
0772427
0772428
0772429
0772430
0772431
0772434
0772439
0772443
0772444
0772454
0772459
0772460
0772462
0772463
0772464
0772466
0772468
0772469
0772470
0772479
0772480
0772481
0772482
0772483
0772484
0772486
0772488
0772499
0772500
0772502
0772503
0772504
0772505
0772510
0772512
0772514
0772515
0772518
0772521
0772523
0772528
0772531
0772532
0772533
0772535
0772538
0772539
0772542
0772546
0772547
0772548
0772550
0772554
0772555
0772557
0772560
0772561
0772564
0772570
0772571
0772578
0772582
0772584
0772587
0772588
0772591
0772593
0772600
0772601
0772602
0772604
0772605
0772606
0772607
0772613
0772615
0772616
0772617
0772620
0772622
0772623
0772625
0772626
0772627
0772628
0772629
0772630
0772631
0772632
0772637
0772642
0772646
0772647
0772649
0772650
0772652
0772653
0772655
0772659
0772661
0772663
0772668
0772671
0772673
0772674
0772679
0772680
0772684
0772686
0772687
0772692
0772693
0772696
0772705
0772706
0772715
0772716
0772717
0772718
0772719
0772720
0772721
0772723
0772725
0772726
0772727
0772731
0772732
0772733
0772735
0772738
0772739
0772740
0772741
0772742
0772744
0772747
0772752
0772753
0772757
0772758
0772759
0772766
0772768
0772769
0772772
0772774
0772776
0772777
0772778
0772780
0772782
0772783
0772785
0772788
0772789
0772792
0772797
0772799
0772801
0772802
0772803
0772804
0772810
0772811
0772815
0772816
0772818
0772821
0772826
0772827
0772828
0772829
0772830
0772831
0772832
0772833
0772835
0772836
0772837
0772838
0772839
0772842
0772843
0772845
0772846
0772847
0772851
0772852
0772856
0772857
0772862
0772864
0772865
0772867
0772873
0772874
0772875
0772877
0772878
0772880
0772883
0772885
0772886
0772890
0772894
0772896
0772898
0772900
0772901
0772903
0772904
0772905
0772907
0772908
0772909
0772911
0772912
0772914
0772916
0772919
0772924
0772926
0772927
0772928
0772930
0772931
0772933
0772934
0772939
0772940
0772942
0772943
0772946
0772947
0772953
0772954
0772957
0772962
0772963
0772965
0772966
0772968
0772971
0772972
0772976
0772978
0772979
0772985
0772990
0772991
0772992
0772994
0772997
0773000
0773001
0773004
0773005
0773007
0773008
0773009
0773013
0773018
0773020
0773021
0773023
0773024
0773025
0773026
0773028
0773030
0773031
0773032
0773039
0773046
0773048
0773050
0773053
0773055
0773057
0773058
0773059
0773060
0773064
0773065
0773071
0773073
0773077
0773080
0773082
0773085
0773087
0773090
0773091
0773092
0773093
0773095
0773101
0773102
0773105
0773109
0773110
0773121
0773122
0773126
0773127
0773132
0773133
0773134
0773135
0773136
0773138
0773140
0773143
0773144
0773147
0773149
0773157
0773159
0773160
0773161
0773165
0773166
0773167
0773168
0773169
0773170
0773171
0773173
0773174
0773176
0773184
0773185
0773187
0773188
0773189
0773193
0773194
0773195
0773200
0773203
0773205
0773208
0773211
0773213
0773214
0773215
0773218
0773219
0773223
0773224
0773230
0773232
0773233
0773234
0773235
0773237
0773239
0773241
0773242
0773243
0773244
0773247
0773249
0773250
0773255
0773256
0773261
0773264
0773266
0773268
0773269
0773270
0773271
0773274
0773282
0773284
0773285
0773286
0773287
0773288
0773291
0773293
0773294
0773295
0773296
0773297
0773299
0773302
0773304
0773307
0773309
0773310
0773314
0773316
0773318
0773319
0773320
0773321
0773327
0773328
0773330
0773331
0773332
0773338
0773344
0773345
0773349
0773350
0773351
0773358
0773360
0773362
0773365
0773366
0773370
0773371
0773372
0773374
0773375
0773376
0773378
0773379
0773380
0773383
0773387
0773389
0773390
0773391
0773393
0773394
0773400
0773403
0773404
0773405
0773406
0773408
0773409
0773412
0773414
0773420
0773425
0773427
0773428
0773436
0773437
0773443
0773445
0773446
0773447
0773451
0773454
0773455
0773459
0773460
0773465
0773466
0773467
0773469
0773470
0773471
0773476
0773477
0773478
0773479
0773480
0773483
0773488
0773489
0773490
0773495
0773498
0773501
0773502
0773504
0773508
0773517
0773518
0773521
0773530
0773532
0773534
0773535
0773536
0773537
0773539
0773541
0773542
0773544
0773549
0773550
0773551
0773552
0773555
0773560
0773561
0773563
0773564
0773565
0773567
0773568
0773569
0773570
0773571
0773573
0773574
0773577
0773578
0773579
0773580
0773581
0773582
0773583
0773585
0773587
0773589
0773590
0773592
0773593
0773595
0773597
0773599
0773600
0773601
0773605
0773606
0773608
0773610
0773611
0773615
0773618
0773619
0773621
0773623
0773626
0773628
0773630
0773631
0773633
0773634
0773635
0773636
0773637
0773639
0773640
0773642
0773643
0773645
0773646
0773647
0773648
0773656
0773658
0773660
0773667
0773669
0773673
0773674
0773678
0773682
0773683
0773684
0773688
0773689
0773690
0773691
0773694
0773700
0773701
0773703
0773706
0773708
0773710
0773712
0773720
0773721
0773724
0773725
0773728
0773729
0773731
0773732
0773735
0773739
0773740
0773742
0773743
0773749
0773750
0773751
0773756
0773758
0773761
0773762
0773764
0773765
0773768
0773770
0773771
0773773
0773776
0773777
0773780
0773781
0773782
0773783
0773785
0773786
0773788
0773789
0773790
0773791
0773794
0773795
0773796
0773797
0773799
0773801
0773802
0773804
0773805
0773806
0773807
0773809
0773810
0773814
0773819
0773820
0773821
0773823
0773827
0773832
0773833
0773845
0773846
0773847
0773851
0773855
0773858
0773870
0773871
0773872
0773873
0773876
0773877
0773881
0773882
0773884
0773886
0773888
0773889
0773891
0773892
0773893
0773894
0773898
0773902
0773904
0773905
0773906
0773912
0773914
0773916
0773917
0773920
0773923
0773924
0773925
0773926
0773931
0773933
0773935
0773937
0773939
0773940
0773942
0773944
0773945
0773947
0773950
0773951
0773954
0773956
0773957
0773961
0773962
0773965
0773971
0773976
0773977
0773984
0773986
0773988
0773989
0773992
0773993
0773994
0773997
0773998
0773999
0774004
0774006
0774007
0774012
0774016
0774017
0774021
0774025
0774026
0774031
0774032
0774033
0774035
0774036
0774038
0774045
0774046
0774048
0774052
0774054
0774055
0774056
0774058
0774059
0774060
0774062
0774063
0774066
0774068
0774069
0774074
0774075
0774076
0774082
0774083
0774084
0774086
0774087
0774088
0774089
0774091
0774092
0774094
0774096
0774100
0774106
0774108
0774109
0774116
0774117
0774118
0774119
0774120
0774123
0774124
0774125
0774126
0774128
0774130
0774132
0774134
0774135
0774138
0774139
0774141
0774142
0774143
0774144
0774145
0774146
0774147
0774149
0774151
0774153
0774154
0774155
0774156
0774158
0774161
0774168
0774169
0774172
0774174
0774175
0774178
0774179
0774184
0774185
0774186
0774189
0774191
0774192
0774193
0774194
0774195
0774197
0774203
0774205
0774207
0774209
0774222
0774224
0774228
0774231
0774233
0774235
0774238
0774239
0774241
0774246
0774248
0774249
0774250
0774254
0774255
0774264
0774266
0774267
0774268
0774270
0774274
0774280
0774282
0774284
0774285
0774286
0774288
0774289
0774291
0774293
0774295
0774297
0774300
0774301
0774302
0774304
0774306
0774307
0774310
0774311
0774314
0774317
0774318
0774321
0774325
0774326
0774327
0774330
0774331
0774332
0774333
0774336
0774339
0774342
0774343
0774344
0774348
0774354
0774355
0774367
0774371
0774375
0774379
0774384
0774385
0774387
0774392
0774393
0774397
0774399
0774401
0774402
0774409
0774411
0774412
0774415
0774416
0774417
0774423
0774426
0774429
0774430
0774433
0774434
0774437
0774439
0774442
0774443
0774445
0774447
0774448
0774455
0774456
0774457
0774459
0774460
0774462
0774464
0774465
0774466
0774469
0774471
0774472
0774473
0774474
0774481
0774482
0774483
0774484
0774494
0774497
0774498
0774502
0774505
0774507
0774509
0774510
0774511
0774512
0774513
0774514
0774515
0774516
0774517
0774518
0774520
0774522
0774523
0774532
0774536
0774537
0774538
0774539
0774543
0774545
0774546
0774547
0774548
0774549
0774550
0774551
0774552
0774553
0774554
0774555
0774557
0774558
0774565
0774569
0774570
0774571
0774574
0774575
0774578
0774579
0774580
0774581
0774582
0774584
0774585
0774586
0774587
0774588
0774589
0774591
0774592
0774597
0774599
0774602
0774603
0774605
0774610
0774611
0774621
0774623
0774624
0774630
0774631
0774633
0774634
0774637
0774639
0774640
0774645
0774649
0774653
0774654
0774655
0774656
0774659
0774660
0774661
0774663
0774666
0774669
0774671
0774673
0774677
0774679
0774680
0774681
0774683
0774686
0774687
0774694
0774696
0774700
0774701
0774705
0774710
0774716
0774718
0774720
0774721
0774732
0774735
0774739
0774741
0774742
0774745
0774746
0774747
0774748
0774749
0774750
0774756
0774757
0774758
0774762
0774768
0774771
0774773
0774774
0774775
0774776
0774779
0774780
0774781
0774786
0774787
0774789
0774790
0774793
0774794
0774795
0774796
0774799
0774800
0774801
0774803
0774804
0774806
0774807
0774809
0774813
0774818
0774819
0774824
0774830
0774838
0774841
0774843
0774844
0774848
0774856
0774857
0774858
0774860
0774862
0774863
0774866
0774867
0774870
0774873
0774874
0774877
0774882
0774883
0774884
0774888
0774891
0774895
0774896
0774897
0774899
0774901
0774903
0774905
0774906
0774907
0774913
0774914
0774917
0774919
0774923
0774924
0774928
0774931
0774934
0774940
0774942
0774944
0774945
0774957
0774960
0774961
0774966
0774969
0774971
0774972
0774973
0774975
0774976
0774979
0774983
0774987
0774989
0774990
0774991
0774994
0774995
0774997
0774998
0775000
0775001
0775007
0775011
0775013
0775014
0775017
0775019
0775022
0775023
0775024
0775025
0775028
0775031
0775032
0775040
0775044
0775045
0775046
0775049
0775050
0775052
0775053
0775059
0775060
0775064
0775065
0775067
0775068
0775075
0775076
0775077
0775081
0775082
0775084
0775085
0775086
0775090
0775092
0775094
0775097
0775102
0775103
0775105
0775110
0775111
0775114
0775115
0775118
0775122
0775123
0775124
0775127
0775131
0775132
0775133
0775135
0775137
0775139
0775142
0775146
0775148
0775149
0775150
0775151
0775154
0775157
0775159
0775164
0775167
0775169
0775170
0775173
0775175
0775178
0775179
0775182
0775187
0775189
0775194
0775195
0775196
0775201
0775202
0775203
0775204
0775205
0775207
0775209
0775211
0775214
0775215
0775217
0775220
0775222
0775223
0775224
0775227
0775229
0775231
0775232
0775234
0775235
0775237
0775248
0775258
0775261
0775262
0775264
0775265
0775266
0775269
0775271
0775272
0775273
0775274
0775280
0775281
0775283
0775285
0775290
0775294
0775297
0775298
0775301
0775303
0775304
0775307
0775309
0775310
0775314
0775315
0775319
0775320
0775321
0775322
0775324
0775327
0775331
0775334
0775335
0775337
0775341
0775342
0775347
0775349
0775351
0775352
0775353
0775357
0775360
0775361
0775362
0775363
0775364
0775366
0775367
0775370
0775373
0775376
0775379
0775380
0775384
0775385
0775386
0775390
0775393
0775394
0775395
0775396
0775400
0775402
0775407
0775411
0775412
0775413
0775414
0775415
0775431
0775435
0775441
0775442
0775443
0775444
0775450
0775455
0775458
0775460
0775467
0775468
0775470
0775471
0775472
0775475
0775476
0775477
0775479
0775480
0775481
0775484
0775485
0775489
0775490
0775492
0775493
0775495
0775497
0775498
0775503
0775508
0775509
0775512
0775519
0775520
0775526
0775527
0775528
0775530
0775533
0775534
0775536
0775537
0775541
0775543
0775546
0775548
0775550
0775555
0775557
0775558
0775559
0775561
0775566
0775567
0775568
0775569
0775570
0775571
0775574
0775575
0775578
0775581
0775586
0775589
0775592
0775593
0775595
0775599
0775601
0775604
0775605
0775606
0775609
0775610
0775611
0775612
0775614
0775616
0775617
0775618
0775619
0775622
0775624
0775625
0775626
0775627
0775628
0775631
0775632
0775634
0775636
0775637
0775641
0775644
0775646
0775647
0775648
0775649
0775650
0775651
0775652
0775653
0775656
0775659
0775663
0775669
0775670
0775672
0775673
0775675
0775676
0775679
0775682
0775683
0775688
0775689
0775690
0775691
0775693
0775696
0775697
0775698
0775700
0775701
0775702
0775703
0775708
0775712
0775716
0775717
0775718
0775721
0775722
0775726
0775730
0775737
0775738
0775739
0775741
0775742
0775743
0775746
0775747
0775748
0775749
0775751
0775752
0775755
0775757
0775762
0775764
0775765
0775766
0775768
0775772
0775773
0775776
0775777
0775778
0775782
0775785
0775787
0775788
0775789
0775790
0775793
0775795
0775797
0775800
0775803
0775804
0775805
0775810
0775811
0775812
0775817
0775818
0775820
0775821
0775822
0775826
0775827
0775833
0775834
0775838
0775840
0775843
0775846
0775851
0775852
0775853
0775856
0775858
0775860
0775866
0775867
0775870
0775875
0775878
0775879
0775882
0775883
0775888
0775890
0775891
0775892
0775893
0775895
0775899
0775913
0775916
0775917
0775921
0775922
0775923
0775927
0775928
0775929
0775930
0775934
0775936
0775937
0775940
0775941
0775943
0775944
0775950
0775953
0775956
0775958
0775959
0775961
0775962
0775963
0775964
0775968
0775970
0775972
0775974
0775975
0775977
0775979
0775981
0775982
0775985
0775986
0775987
0775990
0775992
0775993
0775994
0775997
0775998
0776001
0776003
0776004
0776006
0776008
0776009
0776015
0776018
0776020
0776022
0776024
0776029
0776032
0776033
0776037
0776043
0776047
0776048
0776049
0776054
0776055
0776060
0776063
0776064
0776066
0776069
0776070
0776077
0776079
0776081
0776082
0776085
0776086
0776088
0776091
0776093
0776095
0776098
0776099
0776100
0776104
0776105
0776107
0776109
0776110
0776111
0776113
0776118
0776119
0776126
0776131
0776133
0776135
0776136
0776138
0776140
0776148
0776149
0776150
0776153
0776154
0776155
0776156
0776157
0776165
0776166
0776167
0776170
0776172
0776173
0776174
0776176
0776177
0776178
0776179
0776181
0776184
0776187
0776190
0776191
0776194
0776195
0776198
0776200
0776201
0776202
0776203
0776209
0776211
0776212
0776213
0776220
0776221
0776222
0776223
0776226
0776229
0776230
0776232
0776233
0776235
0776236
0776237
0776240
0776241
0776242
0776243
0776244
0776245
0776247
0776248
0776251
0776256
0776258
0776259
0776261
0776264
0776265
0776267
0776269
0776273
0776276
0776279
0776281
0776285
0776286
0776287
0776289
0776290
0776292
0776294
0776295
0776297
0776298
0776302
0776303
0776309
0776314
0776316
0776319
0776321
0776322
0776330
0776331
0776337
0776338
0776343
0776344
0776347
0776348
0776350
0776351
0776354
0776360
0776361
0776363
0776365
0776366
0776368
0776370
0776371
0776378
0776379
0776381
0776384
0776386
0776387
0776388
0776390
0776393
0776394
0776395
0776396
0776397
0776398
0776402
0776406
0776408
0776409
0776410
0776412
0776413
0776414
0776417
0776418
0776419
0776423
0776424
0776425
0776430
0776435
0776439
0776448
0776450
0776451
0776452
0776453
0776454
0776455
0776456
0776457
0776459
0776460
0776464
0776466
0776470
0776471
0776472
0776473
0776477
0776479
0776480
0776481
0776483
0776486
0776487
0776492
0776493
0776501
0776502
0776505
0776506
0776508
0776510
0776511
0776516
0776517
0776519
0776522
0776523
0776524
0776526
0776527
0776528
0776533
0776534
0776536
0776542
0776546
0776547
0776548
0776549
0776552
0776554
0776555
0776558
0776559
0776560
0776564
0776566
0776567
0776570
0776572
0776573
0776574
0776577
0776579
0776581
0776584
0776586
0776587
0776591
0776592
0776593
0776596
0776599
0776600
0776603
0776604
0776606
0776608
0776609
0776610
0776616
0776620
0776623
0776625
0776626
0776627
0776630
0776634
0776635
0776636
0776637
0776638
0776639
0776642
0776650
0776651
0776652
0776653
0776659
0776660
0776661
0776667
0776668
0776670
0776673
0776677
0776679
0776680
0776681
0776687
0776689
0776690
0776694
0776697
0776699
0776700
0776706
0776707
0776708
0776709
0776711
0776712
0776716
0776717
0776720
0776721
0776723
0776727
0776728
0776730
0776731
0776734
0776739
0776742
0776743
0776744
0776745
0776746
0776755
0776756
0776757
0776759
0776760
0776767
0776768
0776769
0776772
0776773
0776775
0776777
0776781
0776784
0776790
0776793
0776794
0776795
0776796
0776803
0776806
0776808
0776809
0776810
0776811
0776813
0776814
0776815
0776819
0776821
0776822
0776826
0776831
0776832
0776833
0776839
0776841
0776844
0776846
0776847
0776851
0776854
0776858
0776861
0776863
0776865
0776870
0776873
0776874
0776878
0776879
0776881
0776884
0776887
0776890
0776898
0776899
0776900
0776906
0776908
0776911
0776913
0776914
0776915
0776919
0776929
0776931
0776936
0776937
0776938
0776939
0776940
0776941
0776946
0776947
0776951
0776955
0776962
0776972
0776973
0776978
0776979
0776980
0776981
0776982
0776983
0776984
0776986
0776989
0776990
0776991
0776992
0776993
0776994
0776996
0776999
0777001
0777005
0777007
0777009
0777011
0777014
0777016
0777018
0777019
0777026
0777027
0777028
0777030
0777031
0777037
0777040
0777042
0777043
0777046
0777047
0777050
0777055
0777056
0777059
0777061
0777065
0777067
0777071
0777074
0777075
0777077
0777083
0777085
0777090
0777093
0777095
0777100
0777101
0777104
0777107
0777108
0777110
0777111
0777113
0777114
0777115
0777116
0777122
0777128
0777129
0777132
0777134
0777136
0777137
0777139
0777140
0777145
0777148
0777149
0777151
0777155
0777156
0777157
0777162
0777163
0777165
0777166
0777169
0777170
0777175
0777182
0777188
0777192
0777196
0777200
0777201
0777202
0777203
0777208
0777209
0777212
0777213
0777215
0777216
0777217
0777218
0777220
0777225
0777228
0777231
0777233
0777234
0777237
0777238
0777239
0777241
0777243
0777245
0777248
0777249
0777253
0777254
0777255
0777256
0777257
0777262
0777269
0777272
0777273
0777276
0777277
0777278
0777288
0777290
0777295
0777297
0777302
0777303
0777304
0777306
0777307
0777312
0777313
0777317
0777319
0777320
0777322
0777326
0777327
0777329
0777330
0777331
0777336
0777337
0777339
0777340
0777342
0777344
0777346
0777347
0777348
0777349
0777351
0777353
0777354
0777356
0777358
0777359
0777360
0777365
0777367
0777371
0777374
0777379
0777386
0777388
0777392
0777395
0777398
0777399
0777405
0777406
0777408
0777412
0777415
0777417
0777419
0777420
0777421
0777422
0777423
0777426
0777427
0777428
0777429
0777434
0777437
0777446
0777447
0777451
0777455
0777456
0777458
0777462
0777464
0777465
0777471
0777472
0777475
0777476
0777479
0777480
0777481
0777482
0777489
0777497
0777499
0777500
0777503
0777504
0777506
0777507
0777508
0777509
0777514
0777515
0777517
0777522
0777523
0777524
0777525
0777527
0777532
0777540
0777541
0777543
0777544
0777546
0777547
0777548
0777551
0777557
0777558
0777561
0777564
0777568
0777570
0777571
0777574
0777576
0777580
0777582
0777587
0777588
0777589
0777595
0777597
0777601
0777604
0777605
0777608
0777610
0777612
0777613
0777616
0777617
0777619
0777626
0777627
0777632
0777633
0777634
0777639
0777643
0777644
0777645
0777648
0777649
0777650
0777658
0777659
0777660
0777667
0777668
0777675
0777676
0777678
0777679
0777681
0777682
0777685
0777686
0777688
0777692
0777693
0777694
0777697
0777703
0777704
0777705
0777711
0777713
0777716
0777717
0777718
0777720
0777722
0777723
0777729
0777735
0777737
0777739
0777740
0777741
0777745
0777756
0777757
0777760
0777762
0777765
0777768
0777773
0777774
0777775
0777776
0777777
0777782
0777783
0777787
0777788
0777791
0777793
0777797
0777801
0777803
0777807
0777812
0777816
0777817
0777818
0777820
0777822
0777825
0777826
0777827
0777829
0777830
0777831
0777832
0777835
0777836
0777839
0777842
0777847
0777848
0777851
0777853
0777855
0777858
0777859
0777860
0777865
0777869
0777873
0777877
0777878
0777879
0777881
0777887
0777888
0777889
0777891
0777901
0777904
0777906
0777909
0777910
0777911
0777918
0777919
0777920
0777921
0777924
0777925
0777926
0777929
0777930
0777932
0777937
0777942
0777943
0777946
0777947
0777951
0777952
0777954
0777957
0777963
0777964
0777967
0777970
0777977
0777979
0777982
0777983
0777986
0777989
0777990
0777992
0777995
0777998
0777999
0778001
0778003
0778004
0778005
0778009
0778010
0778012
0778013
0778017
0778018
0778020
0778023
0778024
0778029
0778030
0778032
0778033
0778036
0778038
0778039
0778041
0778051
0778052
0778053
0778055
0778059
0778061
0778063
0778065
0778066
0778068
0778076
0778080
0778082
0778083
0778084
0778085
0778090
0778091
0778092
0778106
0778110
0778115
0778118
0778120
0778121
0778124
0778127
0778129
0778130
0778131
0778134
0778136
0778139
0778140
0778148
0778152
0778156
0778157
0778158
0778160
0778165
0778169
0778172
0778173
0778174
0778177
0778178
0778179
0778182
0778184
0778189
0778190
0778191
0778192
0778194
0778195
0778196
0778197
0778200
0778201
0778203
0778205
0778207
0778209
0778212
0778215
0778216
0778217
0778218
0778219
0778222
0778228
0778229
0778230
0778233
0778235
0778236
0778237
0778238
0778239
0778243
0778245
0778246
0778247
0778248
0778250
0778255
0778257
0778260
0778263
0778264
0778278
0778281
0778282
0778284
0778286
0778287
0778288
0778289
0778290
0778291
0778293
0778296
0778299
0778300
0778301
0778302
0778303
0778306
0778309
0778310
0778314
0778315
0778317
0778318
0778319
0778322
0778328
0778329
0778331
0778333
0778335
0778336
0778345
0778353
0778355
0778356
0778357
0778359
0778360
0778364
0778366
0778368
0778369
0778371
0778373
0778375
0778376
0778379
0778387
0778389
0778392
0778400
0778405
0778407
0778409
0778412
0778413
0778414
0778421
0778425
0778426
0778430
0778433
0778436
0778438
0778439
0778444
0778446
0778448
0778456
0778457
0778459
0778461
0778462
0778466
0778467
0778468
0778469
0778470
0778471
0778477
0778478
0778481
0778482
0778484
0778486
0778493
0778495
0778496
0778498
0778501
0778502
0778503
0778505
0778506
0778510
0778511
0778514
0778516
0778524
0778532
0778538
0778542
0778545
0778547
0778550
0778553
0778556
0778558
0778560
0778561
0778564
0778566
0778567
0778569
0778574
0778577
0778578
0778579
0778585
0778586
0778590
0778591
0778592
0778595
0778597
0778598
0778601
0778602
0778605
0778606
0778607
0778609
0778614
0778616
0778617
0778618
0778621
0778622
0778624
0778630
0778631
0778632
0778634
0778635
0778636
0778637
0778639
0778640
0778641
0778642
0778647
0778649
0778656
0778662
0778669
0778671
0778672
0778673
0778674
0778675
0778679
0778680
0778681
0778684
0778685
0778688
0778691
0778692
0778695
0778696
0778697
0778699
0778700
0778701
0778702
0778703
0778709
0778710
0778712
0778720
0778722
0778724
0778726
0778727
0778728
0778729
0778730
0778732
0778734
0778736
0778737
0778738
0778741
0778744
0778745
0778746
0778747
0778748
0778749
0778750
0778753
0778754
0778755
0778757
0778762
0778767
0778768
0778777
0778778
0778780
0778783
0778788
0778790
0778791
0778793
0778795
0778796
0778797
0778801
0778802
0778803
0778804
0778808
0778809
0778810
0778813
0778818
0778819
0778822
0778826
0778827
0778829
0778831
0778832
0778834
0778835
0778837
0778839
0778840
0778842
0778846
0778852
0778854
0778855
0778856
0778857
0778858
0778862
0778866
0778868
0778869
0778872
0778874
0778875
0778876
0778880
0778885
